((("'window-number" .
   [0 0 0 0 0 1 0 0 0 0 0 0 0 0])
  ("cl-lib" .
   [0 0 0 0 0 1])
  ("+end_src" .
   [1 0 0 0 2 0 0 0])
  ("emacs-lisp" .
   [0 0 0 0 0 0 1 1 0 0])
  ("+begin_src" .
   [0 0 0 0 0 0 2 0 0 0])
  ("exit-emacs" .
   [0 0 0 0 1 0 0 0 0 0])
  ("时间主神" .
   [0 0 1 0])
  ("jew" .
   [2 0 0])
  ("砰砰砰" .
   [1 0 0])
  ("xclip -selection clip-board" .
   [0 0 0 0 3 0 0 0 0 0 0 0 0 0 0 0 0 0 0 0 0 0 0 0 0 0 0])
  ("body" .
   [0 0 1 0])
  ("app" .
   [1 0 0])
  ("Peterson Lian" .
   [0 0 0 0 0 1 0 0 0 0 0 0 0])
  ("CURRENT_PATH/" .
   [1 0 0 0 0 0 0 0 0 0 0 0 0])
  ("CURRENT_PATH" .
   [0 0 0 0 1 0 0 0 0 0 0 0])
  ("--path" .
   [0 0 0 0 1 0])
  ("见习魔法师" .
   [1 0 0 0 0])
  ("初级战士" .
   [1 0 0 0])
  ("初级战兵" .
   [1 0 0 0])
  ("***" .
   [3 0 0])
  ("具体如何有助于" .
   [0 0 1 0 0 0 0])
  ("Auto-Complete-mode" .
   [0 0 0 0 0 0 0 0 0 0 0 0 0 0 1 0 0 0])
  ("flyspell-mode" .
   [3 0 0 0 0 0 0 0 0 0 0 0 0])
  ("flyspell" .
   [0 0 0 1 1 0 0 0])
  ("arg" .
   [1 0 0])
  ("mode." .
   [1 0 0 0 0])
  ("Auto-Complete" .
   [0 0 0 0 2 0 1 0 0 0 0 0 0])
  ("open" .
   [1 0 0 0])
  ("whether" .
   [1 0 0 0 0 0 0])
  ("define" .
   [1 0 0 0 0 0])
  ("to" .
   [1 0])
  ("one" .
   [1 0 0])
  ("m" .
   [1])
  ("bold" .
   [0 0 1 0])
  ("font-weight" .
   [0 0 0 0 0 0 0 1 0 0 0])
  ("gmail.com" .
   [0 0 0 0 1 0 0 0 0])
  ("lianpeipei202" .
   [0 0 0 0 2 0 1 0 0 0 0 0 0])
  ("EMACS" .
   [0 0 1 0 0])
  ("woman" .
   [0 0 2 0 0])
  ("nil" .
   [3 0 0])
  ("org-stuck-projects" .
   [0 0 0 0 0 0 0 0 0 1 0 0 0 0 0 0 0 0])
  ("quote" .
   [0 0 1 1 0])
  ("org-agenda-files" .
   [0 0 0 0 0 0 0 0 0 0 0 0 0 0 2 0])
  ("org-agenda-later" .
   [0 0 0 0 0 0 0 1 0 0 0 0 0 0 0 0])
  ("defun" .
   [0 0 1 1 1])
  ("wosj" .
   [1 0 0 0])
  ("nndoc-add-type" .
   [0 0 1 0 0 0 0 0 0 0 0 0 0 0])
  ("setq" .
   [1 0 0 0])
  ("emacs" .
   [2 0 0 2 0])
  ("lianpeipei202@gmail.com" .
   [0 0 0 0 1 0 0 1 0 0 0 0 0 0 0 0 0 0 0 0 0 0 0])
  ("连培培" .
   [0 0 1])
  ("连培培.中国" .
   [0 0 0 0 1 0])
  ("http://连培培.中国" .
   [0 0 0 0 1 0 0 0 0 0 0 0 0])
  ("Peterson" .
   [0 0 1 1 0 0 0 0])
  ("l" .
   [1])
  ("a" .
   [1])
  ("/ns ablian 3664836926" .
   [0 0 0 1 0 0 0 0 0 0 0 0 0 0 0 0 0 0 0 0 0])
  ("我叫“江流僧”，即唐僧。西游记中唐僧被其母放入澡盆流于江中，故名“江流僧”。喜欢本书就请将本书收藏，放入书架。\\n以前我也不收藏书，但当我好几次将某些书养肥了之后想再去找的时候，却是再也想不起书名，此不得不为教训。新人写书不易，此书我也磕磕绊绊断断续续停了好几次，所以，我更需要看到读者们的支持！\\n譬如在评论区留言，收藏本书，给我投票等等。也许你的小小一个举动，改变的是另一个人的职业生涯！我需要你们！" .
   [0 0 2 0 0 0 0 0 0 0 0 0 0 0 0 0 0 0 0 0 0 0 0 0 0 0 0 0 0 0 0 0 0 0 0 0 0 0 0 0 0 0 0 0 0 0 0 0 0 0 0 0 0 0 0 0 0 0 0 0 0 0 0 0 0 0 0 0 0 0 0 0 0 0 0 0 0 0 0 0 0 0 0 0 0 0 0 0 0 0 0 0 0 0 0 0 0 0 0 0 0 0 0 0 0 0 0 0 0 0 0 0 0 0 0 0 0 0 0 0 0 0 0 0 0 0 0 0 0 0 0 0 0 0 0 0 0 0 0 0 0 0 0 0 0 0 0 0 0 0 0 0 0 0 0 0 0 0 0 0 0 0 0 0 0 0 0 0 0 0 0 0 0 0 0 0 0 0 0 0 0 0 0 0 0 0 0 0 0 0 0 0 0 0 0 0 0 0 0 0 0 0])
  ("xclip" .
   [2 0 0 0 0])
  ("-selection" .
   [1 0 1 0 0 0 0 0 0 0])
  ("clipboard" .
   [0 0 0 2 0 0 0 0 0])
  ("我叫“江流僧”，即唐僧。西游记中唐僧被其母放入澡盆流于江中，故名“江流僧”。喜欢本书就请将本书收藏，放入书架。\\n以前我也不收藏书，但当我好几次将某些书养肥了之后想再去找的时候，却是再也想不起书名，此不得不为教训。新人写书不易，此书我也磕磕绊绊断断续续停了好几次，所以，我更需要看到读者们的支持！\\n譬如在评论区留言，收藏本书，给我投票等等。也许你的小小一个举动，改变的是另一个人的职业生涯！我需要你们！我需要知道你们在那里！我需要知道我不是在自写自看！" .
   [0 0 3 0 0 0 0 0 0 0 0 0 0 0 0 0 0 0 0 0 0 0 0 0 0 0 0 0 0 0 0 0 0 0 0 0 0 0 0 0 0 0 0 0 0 0 0 0 0 0 0 0 0 0 0 0 0 0 0 0 0 0 0 0 0 0 0 0 0 0 0 0 0 0 0 0 0 0 0 0 0 0 0 0 0 0 0 0 0 0 0 0 0 0 0 0 0 0 0 0 0 0 0 0 0 0 0 0 0 0 0 0 0 0 0 0 0 0 0 0 0 0 0 0 0 0 0 0 0 0 0 0 0 0 0 0 0 0 0 0 0 0 0 0 0 0 0 0 0 0 0 0 0 0 0 0 0 0 0 0 0 0 0 0 0 0 0 0 0 0 0 0 0 0 0 0 0 0 0 0 0 0 0 0 0 0 0 0 0 0 0 0 0 0 0 0 0 0 0 0 0 0 0 0 0 0 0 0 0 0 0 0 0 0 0 0 0 0 0 0 0 0 0 0 0 0 0])
  ("--------------------" .
   [4 0 1 0 0 0 0 0 0 0 1 0 0 0 0 0 0 0 0 0])
  ("gmail" .
   [0 0 1 0 0])
  ("com" .
   [1 0 0])
  ("3664836926lian0" .
   [0 0 0 0 0 0 0 0 0 0 0 0 0 0 1])
  ("比翼龙" .
   [1 0 0])
  ("C-c" .
   [2 0 1])
  ("C-l" .
   [1 0 0])
  ("假设这是个链接" .
   [0 0 2 0 0 0 0])
  ("macro" .
   [2 0 0 0 0])
  ("if" .
   [1 0])
  ("Meteor" .
   [0 0 0 1 0 1])
  ("var" .
   [1 0 0])
  ("name" .
   [2 0 0 0])
  ("ablian(AKA PetersonLian)" .
   [0 0 0 0 0 0 1 0 0 0 0 0 0 0 0 0 0 0 0 0 0 0 0 0])
  ("alias" .
   [0 0 0 1 0])
  ("爷爷" .
   [5 0])
  ("请进" .
   [1 0])
  ("砰砰" .
   [1 0])
  ("是。" .
   [1 0])
  ("**" .
   [1 0])
  ("阅读" .
   [1 0])
  ("sh" .
   [2 0])
  ("www" .
   [1 0 0])
  ("global-set-key" .
   [0 0 0 0 0 0 0 0 0 0 0 1 1 0])
  ("kbd" .
   [1 0 1])
  ("M-x" .
   [1 0 0])
  ("AKA" .
   [1 0 0])
  ("Lian" .
   [0 0 1 0])
  ("revert-buffer-with-coding-system" .
   [0 0 0 0 1 0 0 0 0 0 0 0 0 0 0 0 0 0 0 0 0 0 0 0 0 0 0 0 0 0 0 0])
  ("chinese-gbk" .
   [0 0 0 0 1 0 0 0 0 0 0])
  ("be" .
   [1 0])
  ("require" .
   [0 0 0 0 1 0 0])
  ("yafolding-mode" .
   [0 0 0 0 0 0 0 0 0 0 0 1 0 0])))
